2.268244999999297
4.846498999999312
6.852243000001181
8.887103000000934
10.872347000004083
12.867149000005156
14.851500000004307
16.884758000000147
18.86969500000123
20.85328799999843
22.887672000004386
24.872376999999688
26.854041999999026
28.890199000001303
30.874494000003324
32.858705999999074
34.84378100000322
36.87948600000527
38.86378500000137
40.84797999999864
42.88383199999953
44.8698910000021
46.85427999999956
48.88994900000398
50.87573800000246
52.860358999998425
54.84599600000365
56.88052199999947
58.866423999999824
60.85051799999928
62.885981999999785
64.87152300000162
66.85663600000407
68.89094599999953
70.8761100000047
72.86116900000343
74.84701499999937
76.87964800000191
78.86275400000159
80.84433100000024
82.8816169999991
84.86847200000193
86.85802200000035
88.84348600000521
90.87943700000324
92.86497600000439
94.84717500000261
96.88291000000027
98.86875300000247
100.85434199999872
102.87213799999881
104.85342200000014
106.89097400000173
108.875850000004
110.86201499999879
112.84905399999843
114.89202900000237
116.87779900000169
118.85989400000108
120.84428499999922
122.88289900000382
124.86634500000218
126.84939999999915
128.88449899999978
130.86917600000015
132.8484910000043
134.88230599999952
136.86612500000047
138.84929099999863
140.87931400000525
142.86309800000163
144.8476260000025
146.8810569999987
148.86581300000398
150.84884099999908
152.8788080000013
154.8617460000023
156.84502500000235
158.87409399999888
160.8577310000037
162.8909580000036
164.87527100000443
166.8588149999996
168.89190899999812
170.87567400000262
172.85998200000176
174.84423400000378
176.87669499999902
178.864840000002
180.864505000005
182.85861999999906
184.84331100000418
186.8782710000014
188.8629890000011
190.84681799999817
192.88165400000435
194.8669680000021
196.8478959999993
198.88283900000533
200.86723500000517
202.85314700000163
204.8884109999999
206.87338399999862
208.85810000000492
210.84263700000156
212.8770050000021
214.86415300000226
216.8486550000016
218.8838640000031
220.8906930000012
222.87087400000019
224.8557809999984
226.88909300000523
228.87642700000288
230.88380300000426
232.86496199999965
234.85308400000213
236.8908420000007
238.88268300000345
240.87988900000346
242.86255099999835
244.84738500000094
246.88229000000138
248.86913500000082
250.8568280000036
252.89198500000202
254.8783440000043
256.8639089999997
258.8501690000048
260.8854560000036
262.87129700000514
264.87826700000005
266.86558499999956
268.8527180000019
270.8915029999989
272.87655200000154
274.86592799999926
276.8584069999997
278.8486499999999
280.8447870000018
282.88045100000454
284.88978900000075
286.84389699999883
288.8855180000028
290.84803900000406
292.85202800000116
294.86565800000244
296.86372200000187
298.86258200000157
300.847689000002
302.85919200000353
304.84386800000357
306.8735050000032
308.87603300000046
310.8610059999992
312.84642200000235
314.85743899999943
316.8424660000019
318.8777520000003
320.8891629999998
322.8745610000042
324.8625380000012
326.8739280000009
328.85941200000525
330.8428980000026
332.84795600000507
334.8818790000005
336.86777200000506
338.873437000002
340.8596929999985
342.88968300000124
344.87583100000484
346.8556519999984
348.84215699999913
350.84617499999877
352.8473579999991
354.8423430000039
356.8811180000048
358.8686999999991
360.853790000001
362.84239199999865
364.88108099999954
366.8690229999993
368.85105199999816
370.88986500000465
372.87840600000345
374.8675660000008
376.85533399999986
378.8429790000009
380.8743319999994
382.86393600000156
384.85238599999866
386.89038399999845
388.87859200000094
390.8665519999995
392.84924400000455
394.8880070000014
396.88250600000174
398.87031800000113
400.8592310000022
402.8442470000009
404.8826210000043
406.87133200000244
408.8595920000007
410.847947000002
412.8867339999997
414.8752390000009
416.86413800000446
418.85294100000465
420.884487000003
422.8721149999983
424.8614680000028
426.8502670000016
428.888770000005
430.8777919999993
432.8660500000042
434.85434499999974
436.85115600000427
438.8899369999999
440.87878700000147
442.86760700000013
444.85592200000247
446.8425669999997
448.88149200000043
450.87255000000005
452.8548230000015
454.84305799999856
456.8822599999985
458.8707560000039
460.8606960000034
462.84948100000474
464.84347400000115
466.8824240000031
468.8711900000053
470.8690859999988
472.8522890000022
474.8425500000012
476.8843280000001
478.87982600000396
480.8699439999982
482.8619800000015
484.86535600000207
486.85111500000494
488.8921380000029
490.882196999999
492.8751110000012
494.87625200000184
496.8697050000046
498.87307000000146
500.8551540000044
502.84768500000064
504.88604699999996
506.8766420000029
508.8659059999991
510.8507480000044
512.8920080000025
514.8867170000012
516.8892820000037
518.8822189999992
520.8765060000005
522.867637000003
524.8616320000001
526.865942000004
528.8568920000034
530.8517740000025
532.8484749999989
534.8895870000051
536.8803269999989
538.8740309999994
540.8782290000017
542.8694749999995
544.8641620000053
546.8654420000021
548.8578009999983
550.8504020000037
552.8453270000027
554.8495620000031
556.8911720000033
558.8855340000009
560.8857360000038
562.8775739999983
564.8689210000011
566.8638360000041
568.8688719999991
570.8616230000043
572.8536309999981
574.8440239999982
576.8870060000045
578.8819670000012
580.8841620000021
582.8760110000003
584.8698020000011
586.8647679999995
588.8705440000049
590.8625000000029
592.8580470000015
594.8634040000034
596.8553020000036
598.8510170000009
600.8505430000005
602.8554310000036
604.844508000002
606.8872499999998
608.8818700000047
610.8843000000052
612.8768930000006
614.8702229999981
616.865518999999
618.8808869999993
620.8858069999987
622.8794540000017
624.8753419999994
626.864665000001
628.8604590000032
630.8593610000025
632.8528710000028
634.8441569999995
636.8873860000022
638.8830600000001
640.8858210000035
642.8791889999993
644.8732139999993
646.8611119999987
648.8646660000013
650.8532980000018
652.846974
654.8430480000025
656.8842829999994
658.8847309999983
660.880333000001
662.8772600000011
664.8672780000052
666.8610880000051
668.8657920000041
670.872546999999
672.8607870000051
674.854637000004
676.8586570000043
678.8526560000028
680.8487840000016
682.8528330000045
684.8495880000046
686.8529100000014
688.8563980000035
690.8596860000034
692.8529300000009
694.8572029999996
696.8608999999997
698.8535740000007
700.8575710000005
702.8618659999993
704.854889000002
706.8587039999984
708.8527749999994
710.8569830000051
712.8517800000045
714.8557120000041
716.8597530000043
718.8634759999986
720.8770819999991
722.8460239999986
724.8571120000051
726.8530060000048
728.8561960000006
730.8707859999995
732.8851320000031
734.8422419999988
736.8507910000044
738.8558720000001
740.8596140000009
742.8530759999994
744.8616079999993
746.8550939999986
748.870050000005
750.8846449999983
752.8878020000047
754.8457610000041
756.8582190000016
758.8748380000034
760.8835450000042
762.8847060000044
764.8843049999996
766.8875990000015
768.8888320000042
770.8740850000031
772.8832919999986
774.8812949999992
776.8875279999993
778.8894609999988
780.8873520000052
782.8901699999988
784.8450989999983
786.845315999999
788.8459169999987
790.8483860000051
792.8531619999994
794.8562129999991
796.8636200000037
798.8627570000026
800.8660149999996
802.8705580000023
804.874837000003
806.8782710000014
808.881991000002
810.8820150000029
812.8856390000001
814.8861400000023
816.8905300000042
818.8900020000001
820.8438830000014
822.8476960000044
824.8441979999989
826.8464410000015
828.8506479999996
830.8488130000042
832.8527840000024
834.8570480000053
836.8490319999983
838.8528750000041
840.8492800000022
842.8532580000028
844.8498640000034
846.8538689999987
848.8586050000013
850.8723079999982
852.8639420000036
854.868475000003
856.8612160000048
858.8659310000003
860.8770900000018
862.8819829999993
864.8838200000027
866.8879910000032
868.8809140000012
870.8855299999996
872.8861270000052
874.8889810000037
876.8425160000043
878.8538400000034
880.8648160000012
882.8699190000043
884.8741970000046
886.878936000001
888.8916260000042
890.8528920000026
892.8637539999982
894.8751830000037
896.885003000003
898.8465619999988
900.8452709999983
902.8501610000021
904.8620010000013
906.8735000000015
908.8657820000008
910.8707080000022
912.8636780000015
914.871607000001
916.864886000003
918.8775720000049
920.842144000002
922.8572639999984
924.870511000001
926.8865809999988
928.8487670000031
930.8589980000033
932.8718880000015
934.8848809999981
936.892018999999
938.849979999999
940.8532650000052
942.8625070000053
944.8625480000046
946.8750050000017
948.8730399999986
950.8818870000032
952.8442940000023
954.8469489999989
956.858650000002
958.870901000002
960.882669999999
962.8451639999985
964.8572889999996
966.8695520000038
968.8816589999988
970.8435430000027
972.8863249999995
974.8884120000002
976.8439870000002
978.856108
980.8677830000015
982.8811920000007
984.8920120000039
986.8522769999981
988.8646070000032
990.8717380000016
992.8672750000042
994.8754010000048
996.8438959999985
998.8587259999986
1000.8715379999994
1002.8835870000039
1004.8916150000005
1006.8453740000041
1008.8471160000045
1010.8599069999982
1012.8697440000033
1014.8690900000001
1016.8820540000015
1018.8476450000016
1020.854935000003
1022.8697580000007
1024.8834960000022
1026.848291000002
1028.8628559999997
1030.8772820000013
1032.8910749999995
1034.8562190000011
1036.8707960000029
1038.8858820000023
1040.8500859999986
1042.8710449999999
1044.8848540000035
1046.8496620000005
1048.8544760000004
1050.8683789999995
1052.880689000005
1054.8455119999999
1056.8598850000053
1058.8745659999986
1060.8894470000014
1062.8542210000014
1064.872804999999
1066.8866039999994
1068.851874
1070.8576420000027
1072.8727330000038
1074.8900900000008
1076.8550890000042
1078.8695240000015
1080.8847610000012
1082.8505890000015
1084.8660940000045
1086.881048000003
1088.8450620000003
1090.8606700000018
1092.8750700000019
1094.8425190000053
1096.8588400000008
1098.8734509999995
1100.8886360000033
1102.8542400000006
1104.8586060000016
1106.8736500000014
1108.8885670000018
1110.8535860000047
1112.8688079999993
1114.8839579999985
1116.8495089999997
1118.864419000005
1120.8801230000026
1122.8448680000001
1124.850004
1126.8650740000012
1128.8795549999995
1130.843670000002
1132.8586189999987
1134.873722000004
1136.8918780000022
1138.8566829999982
1140.8718809999991
1142.886148000005
1144.851625000003
1146.8672490000026
1148.8822800000053
1150.848328
1152.8501929999984
1154.8663020000022
1156.8805890000003
1158.8445130000036
1160.8614159999997
1162.8768640000053
1164.8914760000043
1166.8560290000023
1168.8890840000022
1170.8538679999983
1172.8717810000016
1174.8868330000041
1176.8521590000018
1178.8686680000028
1180.8835309999995
1182.848887
1184.8560429999998
1186.8708590000024
1188.886384000005
1190.8508320000037
1192.853314
1194.8682029999982
1196.8832980000007
1198.891893
1200.844471000004
1202.8592330000029
1204.8703690000038
1206.8856930000038
1208.8508839999995
1210.8583590000053
1212.8737390000024
1214.8820360000027
1216.8863780000029
1218.8455089999989
1220.8603770000045
1222.8694729999988
1224.8644270000004
1226.8792710000052
1228.8444470000031
1230.8525760000048
1232.8677620000017
1234.8834390000047
1236.8435729999983
1238.858349000002
1240.8734899999981
1242.8816720000032
1244.8468740000026
1246.853986000002
1248.869077000003
1250.884130999999
1252.8498269999982
1254.8648660000035
1256.8796720000028
1258.8440550000014
1260.8596870000038
1262.8742340000026
1264.8877750000029
1266.852826000002
1268.858583000001
1270.8737000000037
1272.8742300000013
1274.874042000003
1276.878374
1278.8433280000027
1280.8524470000048
1282.868849999999
1284.8845030000011
1286.8497419999985
1288.8646179999996
1290.8799710000021
1292.8446760000006
1294.8530060000048
1296.8688820000025
1298.883953000004
1300.8499980000051
1302.865902999998
1304.881180000004
1306.8470680000028
1308.8544739999998
1310.8694370000012
1312.8846800000028
1314.8506830000042
1316.8666690000027
1318.8825260000012
1320.8480550000022
1322.859645000004
1324.874668000004
1326.890161000003
1328.855485
1330.8611390000005
1332.8790060000028
1334.843593000005
1336.8453149999987
1338.8595730000015
1340.8739350000033
1342.887275000001
1344.8517920000013
1346.8677440000029
1348.8835770000005
1350.8485930000024
1352.8630449999982
1354.8776409999991
1356.8424730000042
1358.8574210000006
1360.8718179999996
1362.8858130000008
1364.8501289999986
1366.863437
1368.8777790000022
1370.8909610000046
1372.8551829999997
1374.8597450000016
1376.8740030000044
1378.884414
1380.8488260000013
1382.8622490000052
1384.8777810000029
1386.843037999999
1388.851880000002
1390.8673290000006
1392.8826130000016
1394.8487830000013
1396.864109000002
1398.8781670000026
1400.8915130000023
1402.84865
1404.849697000005
1406.8643720000036
1408.8804799999998
1410.845398000005
1412.8531900000016
1414.8694329999998
1416.8849130000017
1418.8504810000013
1420.8666950000043
1422.8839149999985
1424.8505210000003
1426.866449000001
1428.882292000002
1430.8478430000032
1432.8635890000005
1434.8799100000033
1436.8463510000001
1438.8550020000039
1440.871514999999
1442.8867360000004
1444.8534530000034
1446.8598029999994
1448.8747690000018
1450.8892500000002
1452.8548670000018
1454.8605800000005
1456.8769939999984
1458.8434269999998
1460.8526520000014
1462.874272000001
1464.8749989999997
1466.8794710000002
1468.8449830000027
1470.8616729999994
1472.8776169999983
1474.8445250000004
1476.8608420000019
1478.8774760000015
1480.842939000002
1482.8542329999982
1484.869792000005
1486.8848629999993
1488.8504050000047
1490.856670000001
1492.8720210000029
1494.886744000003
1496.8517829999982
1498.8543320000026
1500.8696550000022
1502.8844630000021
1504.8507769999997
1506.853912999999
1508.8696899999995
1510.8848470000012
1512.850047
1514.8568979999982
1516.872460999999
1518.887370000004
1520.8528140000053
1522.8693200000052
1524.8848110000035
1526.8501560000004
1528.8569930000012
1530.872771000002
1532.888257999999
1534.8544820000025
1536.865850000002
1538.8823909999992
1540.8479720000032
1542.8552190000046
1544.871622999999
1546.886615000003
1548.851401
1550.858288000003
1552.8739380000043
1554.8874829999986
1556.8532970000015
1558.8694309999992
1560.8848809999981
1562.8509380000032
1564.8672970000043
1566.8835450000042
1568.8495739999998
1570.8583419999995
1572.8743780000004
1574.8904289999991
1576.856123000005
1578.8609360000046
1580.8775959999984
1582.843845000003
1584.8604080000005
1586.877038999999
1588.8424620000005
1590.8583409999992
1592.874533000002
1594.8746640000027
1596.8425530000022
1598.8599929999982
1600.8768899999995
1602.8426550000004
1604.851932000005
1606.8679740000007
1608.8842940000031
1610.849936999999
1612.8669340000051
1614.8837219999987
1616.8494130000036
1618.8636310000002
1620.879240000002
1622.8439389999985
1624.8596350000007
1626.8748930000002
1628.8884210000033
1630.8576329999996
1632.8581730000005
1634.8738129999983
1636.875374000003
1638.8898440000048
1640.8559090000053
1642.8629740000033
1644.880667000005
1646.8468580000044
1648.8632660000003
1650.8794410000046
1652.844124000003
1654.8599410000024
1656.8762560000032
1658.8912459999992
1660.8565600000002
1662.8677840000018
1664.884177
1666.8492790000018
1668.8558489999996
1670.8731249999983
1672.8743380000014
1674.8438860000024
1676.8516100000052
1678.8665370000017
1680.882341000004
1682.8475470000049
1684.863894000002
1686.881085000001
1688.84577
1690.8624620000046
1692.8797600000034
1694.846924000005
1696.8549469999998
1698.8728650000048
1700.8908620000002
1702.8594389999998
1704.8675399999993
1706.8850109999985
1708.8518790000016
1710.8692880000017
1712.8873470000035
1714.8528420000002
1716.870511000001
1718.8872550000015
1720.8540770000036
1722.8718420000005
1724.888930000001
1726.8549100000018
1728.862251999999
1730.880803
1732.8479999999981
1734.858626000001
1736.8762960000022
1738.8436490000022
1740.861883999998
1742.8800029999984
1744.847146
1746.8655010000002
1748.883041000001
1750.8547430000035
1752.8715040000025
1754.8888789999983
1756.8562300000049
1758.8738550000053
1760.8749739999985
1762.8907420000032
1764.8609619999988
1766.8642660000041
1768.882021000005
1770.850305
1772.8603030000013
1774.8776819999985
1776.8460330000016
1778.8645570000008
1780.8820919999998
1782.8509170000034
1784.8606330000039
1786.8794730000009
1788.8474930000011
1790.866117000005
1792.8834330000027
1794.852049000001
1796.8700200000021
1798.8882030000022
1800.8571060000031
1802.8636679999981
1804.8820580000029
1806.8493180000005
1808.8669940000036
1810.8854520000023
1812.8543480000008
1814.8718850000005
1816.8888020000013
1818.8566310000024
1820.8746350000001
1822.886953000001
1824.8549879999991
1826.872629000005
1828.889909000005
1830.858143000005
1832.863999000001
1834.881656999998
1836.8498620000028
1838.8588000000018
1840.8766690000048
1842.8432969999994
1844.8544030000048
1846.8718840000001
1848.8889210000052
1850.8566619999983
1852.8625289999982
1854.8802020000003
1856.8472420000035
1858.8536590000003
1860.870864000004
1862.8880990000034
1864.8561150000023
1866.8731220000045
1868.8908470000024
1870.8587640000042
1872.8634329999986
1874.8805869999997
1876.8475780000008
1878.8659679999982
1880.8703870000027
1882.8886980000025
1884.8564190000034
1886.8631380000006
1888.8803840000037
1890.8478780000005
1892.8580690000017
1894.8762019999995
1896.843058999999
1898.8544970000003
1900.8717959999994
1902.8889140000028
1904.8562080000047
1906.8631680000035
1908.8805150000044
1910.847658999999
1912.8656740000006
1914.8829140000016
1916.8503580000033
1918.8688630000033
1920.8472240000046
1922.8579690000042
1924.8756710000016
1926.8426250000048
1928.854112000001
1930.8722320000015
1932.888684000005
1934.8565139999992
1936.8738230000017
1938.8893430000026
1940.856663999999
1942.8635480000012
1944.8810999999987
1946.8476930000033
1948.8582370000004
1950.875605000001
1952.842733000005
1954.8535679999986
1956.8712410000007
1958.888519
1960.8569510000016
1962.8654180000012
1964.8832509999993
1966.8507509999981
1968.8675520000033
1970.885304000003
1972.8523600000044
1974.8688509999993
1976.8865090000036
1978.8529630000048
1980.8650009999983
1982.8828540000031
1984.8503610000043
1986.8595019999993
1988.8769250000041
1990.8440499999997
1992.8469699999987
1994.8650449999986
1996.8838460000043
1998.850999000002
2000.8602800000008
2002.8779009999998
2004.8461880000032
2006.856765000004
2008.8738870000016
2010.878506000001
2012.8466709999993
2014.8637119999985
2016.8818470000042
2018.8496700000032
2020.8588410000011
2022.8765790000034
2024.8441450000028
2026.855147000002
2028.8727360000048
2030.889621000002
2032.8570299999992
2034.8609290000022
2036.8787159999993
2038.8466550000012
2040.8570420000033
2042.8748810000034
2044.8430480000025
2046.854158000002
2048.8722439999983
2050.8904479999983
2052.859199999999
2054.8650830000042
2056.8829010000045
2058.8510270000043
2060.860462000004
2062.878958000001
2064.846943000004
2066.8649460000015
2068.883643000001
2070.8525139999983
2072.8610380000027
2074.8819090000034
2076.8506960000013
2078.861177999999
2080.880701000002
2082.848066999999
2084.8667610000048
2086.885430000002
2088.8544939999992
2090.862614999998
2092.882644000005
2094.8517429999993
2096.8621459999995
2098.8819010000007
2100.8518020000047
2102.871893000003
2104.8914060000025
2106.860959999998
2108.8808629999985
2110.849153000003
2112.8531430000003
2114.8722140000027
2116.889544999998
2118.857794000003
2120.865071
2122.885055999999
2124.8549800000037
2126.8751249999987
2128.891746000001
2130.861987000004
2132.867357000003
2134.887066000003
2136.8622490000052
2138.869384999998
2140.848141000002
2142.8780430000043
2144.852743000003
2146.8557389999987
2148.8776970000035
2150.8511419999995
2152.8543449999997
2154.8761740000045
2156.855588999999
2158.8760479999983
2160.847222000004
2162.8503859999983
2164.8718690000023
2166.873195
2168.8506620000044
2170.853415999998
2172.877013000005
2174.8518699999986
2176.8789499999984
2178.852340000005
2180.8558249999987
2182.878706000003
2184.852270000003
2186.870243000005
2188.850652000001
2190.8779370000047
2192.8586120000036
2194.8684070000018
2196.8765679999997
2198.8855020000046
2200.8703710000045
2202.843092000003
2204.8664480000007
2206.891770000002
2208.866216000002
2210.874561000004
2212.8796440000006
2214.8490930000044
2216.8606809999983
2218.8880900000004
2220.8684100000028
2222.8761500000037
2224.8432519999988
2226.879595999999
2228.8681730000026
2230.8570739999996
2232.8895800000028
2234.861560000005
2236.845607000003
2238.8720040000044
2240.857487000001
2242.877827000004
2244.847762000005
2246.8574750000043
2248.8780430000043
2250.8483659999984
2252.868061000001
2254.8887140000006
2256.8583080000026
2258.872918000001
2260.8437550000017
2262.8583330000038
2264.8787129999982
2266.848613000002
2268.8611999999994
2270.8861279999983
2272.857069000005
2274.8657220000023
2276.887466
2278.8579400000017
2280.866083000001
2282.887165
2284.8578510000007
2286.857237000004
2288.87803
2290.8486600000033
2292.8538560000015
2294.8754249999984
2296.8757540000006
2298.8472269999984
2300.8602700000047
2302.8847900000037
2304.856775
2306.885804999998
2308.8572980000026
2310.8658819999982
2312.887640000001
2314.858512999999
2316.857750000003
2318.878993999999
2320.8496730000043
2322.8619190000027
2324.8819900000017
2326.8552990000026
2328.879442000005
2330.8610650000046
2332.8476900000023
2334.872396999999
2336.847203000005
2338.856083999999
2340.8792230000035
2342.8511880000005
2344.8641990000033
2346.888361000005
2348.8605190000017
2350.870373000005
2352.8422470000005
2354.860351000003
2356.8863459999993
2358.8597149999987
2360.8816550000047
2362.857326000005
2364.8682670000053
2366.891491000002
2368.865988999998
2370.8838870000036
2372.857837000003
2374.8802429999996
2376.851128000002
2378.876851000001
2380.850295000004
2382.863648999999
2384.8892689999993
2386.861647000005
2388.872746000001
2390.858024000001
2392.881506000005
2394.8573319999996
2396.8702550000016
2398.8437980000017
2400.8678110000037
2402.8422229999996
2404.8692750000046
2406.8434259999995
2408.8507739999986
2410.8750140000047
2412.8802360000045
2414.869498
2416.8786450000043
2418.8554409999997
2420.880928999999
2422.8555699999997
2424.869611000002
2426.844152999998
2428.8637860000017
2430.888705000005
2432.863173000005
2434.874905000004
2436.8435450000034
2438.868681
2440.8437950000007
2442.8606800000052
2444.8857930000013
2446.8605610000013
2448.873606000001
2450.848085999998
2452.8734200000035
2454.8807910000032
2456.85527
2458.881764000005
2460.857321000003
2462.8704780000044
2464.846024999999
2466.8521450000044
2468.8786919999984
2470.8546659999993
2472.8660600000003
2474.8915879999986
2476.866777000003
2478.843805000004
2480.8708220000044
2482.8467969999983
2484.8621270000003
2486.887689000003
2488.862801000003
2490.883711000002
2492.859062000003
2494.872500000005
2496.847802000004
2498.873237
2500.848472000005
2502.860271999998
2504.8863429999983
2506.862144999999
2508.870071000005
2510.8465859999997
2512.8662840000034
2514.8426959999997
2516.8685530000002
2518.844517000005
2520.8671660000036
2522.843789999999
2524.869692
2526.845604000002
2528.86045
2530.8869950000008
2532.8628150000004
2534.891112000005
2536.8677830000015
2538.879476000002
2540.8558919999996
2542.883956000005
2544.860486000005
2546.888098000003
2548.8636960000003
2550.8903370000044
2552.8678900000014
2554.845008000004
2556.8719740000015
2558.8549639999983
2560.879047000002
2562.8637759999983
2564.8766069999983
2566.8528700000024
2568.884281999999
2570.8658910000013
2572.8427710000033
2574.8689490000033
2576.845678000005
2578.8717410000027
2580.8479799999986
2582.8579420000024
2584.884137000001
2586.8613729999997
2588.8886710000006
2590.865659000003
2592.877757000002
2594.8543219999992
2596.880825
2598.8528760000045
2600.8665460000047
2602.8915200000047
2604.868478000004
2606.842212000003
2608.878485000001
2610.853374999999
2612.867345999999
2614.8917530000035
2616.868589000005
2618.8750940000027
2620.847937999999
2622.8598550000024
2624.8875499999995
2626.8616390000025
2628.885169000001
2630.858924
2632.8747900000017
2634.847700999999
2636.8640779999987
2638.8878110000005
2640.861751000004
2642.876640000002
2644.851490000001
2646.8758300000045
2648.849860000002
2650.8739879999994
2652.878828000001
2654.853348000004
2656.8824160000004
2658.861517000005
2660.8921400000036
2662.8806729999997
2664.8524650000036
2666.8589280000015
2668.8846520000006
2670.861745000002
2672.889135000005
2674.8662110000005
2676.842844999999
2678.857925000004
2680.883802000004
2682.865399000002
2684.8721650000007
2686.847136000004
2688.865629
2690.891137999999
2692.866248999999
2694.875178000002
2696.8506019999986
2698.8701680000013
2700.8452010000037
2702.8738139999987
2704.8808869999993
2706.8578860000052
2708.877370000002
2710.855545999999
2712.8617460000023
2714.8902300000045
2716.8715040000025
2718.8632450000005
2720.888810000004
2722.8643569999986
2724.843329000003
2726.8824470000036
2728.8808600000048
2730.8872889999984
2732.8647090000013
2734.892055000004
2736.8715129999982
2738.850836999998
2740.8692840000003
2742.8473960000047
2744.8763830000025
2746.8541350000014
2748.883296
2750.860708
2752.882418000001
2754.8600220000008
2756.873803000002
2758.8492570000017
2760.876465000001
2762.854198000001
2764.8433060000025
2766.8657569999996
2768.8438730000053
2770.882470000004
2772.8603500000027
2774.8741290000034
2776.863188000003
2778.8801810000004
2780.858159000003
2782.888976000002
2784.866581000002
2786.8451459999997
2788.8787680000023
2790.8580280000024
2792.878579000004
2794.8577860000005
2796.8870779999997
2798.866418000005
2800.8463950000005
2802.8580320000037
2804.887391000004
2806.866842000003
2808.8766499999983
2810.855721
2812.8774879999983
2814.8571139999985
2816.8821580000003
2818.862528999998
2820.8766079999987
2822.8556820000013
2824.872779000005
2826.850795999999
2828.8800530000008
2830.8586429999996
2832.851619000001
2834.881107000001
2836.8596250000046
2838.8696550000022
2840.8496830000004
2842.861754999998
2844.8906209999986
2846.8697840000023
2848.863974
2850.8438930000048
2852.869700000003
2854.8532300000006
2856.872141
2858.8517649999994
2860.8756360000043
2862.8552610000042
2864.8635340000037
2866.843301000001
2868.8677030000035
2870.847673000004
2872.877247000004
2874.8568710000036
2876.873950000001
2878.883053999998
2880.862807000005
2882.842371999999
2884.8723329999993
2886.8505640000003
2888.8704570000045
2890.8503580000033
2892.843495000001
2894.873919999998
2896.8519979999983
2898.8823919999995
2900.8617440000016
2902.8916180000015
2904.8711049999984
2906.850247000002
2908.8804569999993
2910.8595820000046
2912.889041000002
2914.8684330000033
2916.881500000003
2918.860658000005
2920.890382000005
2922.8701530000035
2924.850075000002
2926.870336
2928.8497600000046
2930.8429170000018
2932.8726280000046
2934.850913000002
2936.8811550000028
2938.859497000005
2940.85297
2942.8830830000006
2944.8621330000024
2946.8785600000047
2948.8586140000043
2950.8707680000007
2952.849798000003
2954.878611
2956.859368000005
2958.886193999999
2960.8658030000006
2962.8456080000033
2964.875411000001
2966.854953000002
2968.8844670000035
2970.8642890000046
2972.881635000005
2974.8614950000047
2976.882018000004
2978.8612280000016
2980.8728880000053
2982.8598610000045
2984.878503
2986.859031
2988.8901780000015
2990.870611999999
2992.8507580000005
2994.8809640000036
2996.860453000001
2998.8910900000046
3000.871512000005
3002.883158000004
3004.864011000005
3006.8447119999983
3008.867907
3010.8489640000043
3012.862516000001
3014.843077000005
3016.8740739999994
3018.854683000005
3020.873760000002
3022.854824000002
3024.8787809999994
3026.859755000005
3028.890486000004
3030.871371000001
3032.883001000002
3034.863289000001
3036.8878360000017
3038.868502000005
3040.849193000002
3042.880044000005
3044.860557
3046.891736999998
3048.872645000003
3050.884254000004
3052.8664480000007
3054.847845000004
3056.8711760000006
3058.8522620000003
3060.8737030000048
3062.853783999999
3064.885301000002
3066.8688790000015
3068.850289000002
3070.8730140000043
3072.8546350000033
3074.885742999999
3076.867634000002
3078.846194000005
3080.8781640000016
3082.8597930000033
3084.891055
3086.8731160000025
3088.853428000002
3090.884598000004
3092.866313999999
3094.845889000004
3096.870428000002
3098.851757000004
3100.873330000002
3102.8549679999996
3104.884552000003
3106.866409000002
3108.8836750000046
3110.865715
3112.882598000004
3114.8649369999985
3116.8471560000035
3118.8789770000003
3120.8608810000005
3122.8792440000034
3124.861493000004
3126.843778000002
3128.857499000005
3130.8900520000025
3132.8730450000003
3134.8851770000038
3136.8677000000025
3138.8499470000024
3140.8809279999987
3142.863388000005
3144.8461099999986
3146.8789309999993
3148.861004999999
3150.843649000002
3152.870026000004
3154.852365999999
3156.8851730000024
3158.868113000004
3160.8837790000034
3162.866387000002
3164.884711999999
3166.8675950000033
3168.8828920000014
3170.865457
3172.848345999999
3174.879384
3176.862356999998
3178.8797909999994
3180.862283000002
3182.8786240000045
3184.8618350000033
3186.8819980000044
3188.859945000004
3190.879258000001
3192.862537000001
3194.885148000001
3196.8688360000015
3198.8519520000045
3200.8860429999986
3202.8703779999996
3204.8851150000046
3206.8692320000046
3208.852264000001
3210.8838600000017
3212.8677650000027
3214.851981
3216.8748699999996
3218.8589890000003
3220.842371999999
3222.857422000001
3224.891187000001
3226.8759310000023
3228.851853
3230.8861709999983
3232.8694570000007
3234.843667000001
3236.878727000003
3238.861853000002
3240.847794000001
3242.873378000004
3244.867363000005
3246.8507020000034
3248.8660230000023
3250.849534000001
3252.8663579999993
3254.8499349999984
3256.8740160000016
3258.8576900000044
3260.891116999999
3262.875168999999
3264.889838000003
3266.875058000005
3268.8896410000016
3270.873461000003
3272.8876670000027
3274.871475
3276.849869000005
3278.8841790000006
3280.868094000005
3282.852377000003
3284.8859440000015
3286.8699620000043
3288.8493270000035
3290.8847030000034
3292.8682960000006
3294.885040000001
3296.869061000005
3298.8849830000036
3300.869056000003
3302.853046000004
3304.8765610000046
3306.8607790000024
3308.880756999999
3310.8649179999993
3312.8827640000018
3314.8672789999982
3316.8796920000023
3318.863526000001
3320.883622000001
3322.868515000002
3324.8541230000046
3326.880965000004
3328.865795999998
3330.886916000003
3332.8720230000035
3334.856135000002
3336.870707000002
3338.8549980000025
3340.869105000005
3342.853989000003
3344.8892300000007
3346.874312
3348.857828
3350.8435030000037
3352.8726309999984
3354.856581
3356.879157000003
3358.8642850000033
3360.8800929999998
3362.883692000003
3364.8692660000015
3366.8544240000047
3368.8919920000044
3370.878254000003
3372.8907279999985
3374.857367000004
3376.8430789999984
3378.867609000001
3380.8540150000044
3382.8783540000004
3384.8641730000018
3386.850072000001
3388.875745000005
3390.8585660000026
3392.844197999999
3394.8730940000023
3396.859408000004
3398.886179000001
3400.8726240000033
3402.857527
3404.843553999999
3406.8773290000026
3408.8629800000053
3410.8494470000005
3412.875236
3414.8889899999995
3416.8744880000013
3418.857993000005
3420.8803279999993
3422.866096000005
3424.886980000003
3426.8738120000053
3428.858382999999
3430.871048000001
3432.8886790000033
3434.8748290000003
3436.8624710000004
3438.8495240000047
3440.876132000005
3442.8633469999986
3444.8524840000027
3446.8779179999983
3448.864103
3450.8839540000045
3452.8711110000004
3454.8772920000047
3456.8641570000036
3458.851770000001
3460.8775810000006
3462.864364000001
3464.883753000002
3466.871899000005
3468.857883000004
3470.845881000001
3472.874284000005
3474.8588329999984
3476.881386000001
3478.8671360000008
3480.8549740000017
3482.8428950000016
3484.873059000005
3486.8606849999996
3488.8486459999986
3490.886077000003
3492.874527
3494.8591589999996
3496.866298000001
3498.8543500000014
3500.8843600000037
3502.8734289999993
3504.8640410000007
3506.854486000004
3508.874334
3510.864146
3512.887545000005
3514.876218000005
3516.842883000005
3518.882602999998
3520.8736530000024
3522.8904020000045
3524.869114000001
3526.8571870000014
3528.8817229999986
3530.8721280000027
3532.890941000005
3534.8811540000024
3536.863599000004
3538.889207
3540.8767369999987
3542.864834
3544.887459000005
3546.875433000001
3548.8602180000016
3550.8835590000017
3552.8730189999987
3554.890054000003
3556.868086000002
3558.887244999998
3560.8754380000028
3562.8601780000026
3564.883330000004
3566.874542999998
3568.890649000001
3570.8724150000053
3572.881628000003
3574.871119000003
3576.888991
3578.8765649999987
3580.8921120000014
3582.870966000002
3584.8889219999983
3586.8768740000014
3588.858
3590.888257999999
3592.876243999999
3594.850750000005
3596.878865999999
3598.874091999998
3600.8501099999994
3602.8797720000002
3604.866866000004
3606.8866780000026
3608.8768320000017
3610.8621550000025
3612.886664999998
3614.8772299999982
3616.846098000002
3618.886993
3620.8754380000028
3622.843670000002
3624.8823550000016
3626.8748479999995
3628.8913539999994
3630.8738550000053
3632.8910460000043
3634.850473999999
3636.8432630000025
3638.8834050000005
3640.8757010000045
3642.842128000004
3644.885049000004
3646.877017999999
3648.8423360000015
3650.8859010000015
3652.8772360000003
3654.8429250000045
3656.885930000004
3658.877228000005
3660.864349000003
3662.888273000004
3664.878617000002
3666.848515000005
3668.8886550000025
3670.877690000001
3672.8434070000003
3674.8856430000014
3676.877913000004
3678.864391000003
3680.8757650000043
3682.867910000001
3684.888049000001
3686.877510999999
3688.8632570000045
3690.854769000005
3692.8827480000036
3694.875804000003
3696.8462629999995
3698.8876260000034
3700.8785900000003
3702.8629809999984
3704.887029000005
3706.877099000005
3708.8646690000023
3710.889166000001
3712.8783089999997
3714.8650630000047
3716.849420999999
3718.883904000002
3720.8758769999986
3722.8569320000024
3724.873250000004
3726.861515000004
3728.855767000001
3730.8842799999984
3732.8769210000028
3734.8529840000047
3736.8813809999992
3738.871167000005
3740.8912150000033
3742.8767270000026
3744.868631000005
3746.859615000001
3748.8842980000045
3750.878721000001
3752.8593299999993
3754.884361000004
3756.876464000001
3758.8649710000027
3760.889353999999
3762.8794170000037
3764.870517000003
3766.860477000002
3768.856163000004
3770.848377000002
3772.8835069999986
3774.875906000001
3776.843772
3778.885878000001
3780.8776300000027
3782.868162999999
3784.889114000005
3786.8789400000023
3788.8446760000006
3790.8871240000008
3792.8782340000034
3794.8691929999986
3796.8593949999995
3798.886538999999
3800.8779360000044
3802.8694079999987
3804.891199000005
3806.871500000001
3808.8650500000003
3810.890640000005
3812.8850789999997
3814.868752000002
3816.8907590000017
3818.8737860000037
3820.862863000002
3822.8563280000017
3824.884539999999
3826.877259000001
3828.8472020000045
3830.888837999999
3832.879771
3834.8510280000046
3836.8468460000004
3838.864689000002
3840.8907880000042
3842.8853230000022
3844.8705709999995
3846.8424989999985
3848.886072000001
3850.8786400000026
3852.848773000005
3854.890185000004
3856.8867640000026
3858.8727179999987
3860.862779000003
3862.8877470000007
3864.8795640000026
3866.8915320000015
3868.8769969999994
3870.8656090000004
3872.8583050000016
3874.8458299999984
3876.8824840000016
3878.8767609999995
3880.846083000004
3882.888875000004
3884.881852999999
3886.862095000004
3888.889881000003
3890.8866449999987
3892.8696740000014
3894.8920230000003
3896.8729969999986
3898.863250000002
3900.8573539999998
3902.88508
3904.878991999998
3906.8700759999992
3908.891724000001
3910.8866469999994
3912.8608590000003
3914.8565860000017
3916.8495049999983
3918.8810030000022
3920.872006999998
3922.843101999999
3924.8875350000017
3926.8796629999997
3928.842233000003
3930.8868839999996
3932.8797410000043
3934.8514140000043
3936.846519999999
3938.8735920000036
3940.867956000002
3942.859872000001
3944.8870979999992
3946.879933000004
3948.851892999999
3950.846927999999
3952.866191000001
3954.8429840000026
3956.8704690000013
3958.8628800000006
3960.8906199999983
3962.8872919999994
3964.8709430000017
3966.842988000004
3968.887689000003
3970.880591000001
3972.844060000003
3974.8887630000027
3976.881202000004
3978.8687260000006
3980.8434750000015
3982.888657000003
3984.881496000002
3986.8468530000027
3988.8900270000013
3990.8864660000036
3992.860409000001
3994.8571589999992
3996.8858420000033
3998.8797170000034
4000.8539440000022
4002.849288000005
4004.842131000005
4006.888232000005
4008.8817530000015
4010.8735270000034
4012.846221
4014.890539
4016.887171000002
4018.871757000001
4020.8459250000014
4022.8903160000045
4024.887112000004
4026.8757630000036
4028.8701020000008
4030.8634749999983
4032.884941000004
4034.872356
4036.844713999999
4038.8900300000023
4040.8876979999986
4042.8580550000042
4044.8517500000016
4046.848769000004
4048.8823889999985
4050.8790179999996
4052.8433619999996
4054.8895580000026
4056.8830850000013
4058.871017000005
4060.8473400000003
4062.891650999998
4064.888534000005
4066.8733130000037
4068.8595350000032
4070.853124000001
4072.8849889999983
4074.880268000001
4076.8693600000042
4078.845902000001
4080.8911230000012
4082.8841690000045
4084.870882000003
4086.8643230000016
4088.8434930000003
4090.882976000001
4092.883191000001
4094.871755
4096.847343000001
4098.842106000004
4100.879830999998
4102.873468999998
4104.866058
4106.8619000000035
4108.859181
4110.888564000001
4112.883039
4114.8708320000005
4116.846469000004
4118.891984000002
4120.889278000002
4122.873564000001
4124.866279000002
4126.842549000001
4128.887835000001
4130.8829840000035
4132.872004000004
4134.866298000001
4136.842573000002
4138.889984000001
4140.888492999999
4142.873521000001
4144.871111
4146.869086999999
4148.844137
4150.890900999999
4152.885335999999
4154.874782999999
4156.861588
4158.859540000005
4160.853843000004
4162.886437000001
4164.881267000004
4166.871459000002
4168.847053000005
4170.842364000004
4172.890548000003
4174.889432000004
4176.874766000001
4178.849611999998
4180.843956000004
4182.868910000005
4184.844166000003
4186.844996
4188.881972000003
4190.880557000004
4192.846670999999
4194.842997
4196.881497000002
4198.880337000002
4200.846498999999
4202.842762
4204.881391000003
4206.875475000001
4208.852355000003
4210.852396000002
4212.882353000001
4214.860227000005
4216.859405000003
4218.854278999999
4220.887217000003
4222.883755000003
4224.871892000003
4226.8480869999985
4228.843279000001
4230.881715000003
4232.880807000001
4234.870717999998
4236.865808000002
4238.862903000001
4240.8432200000025
4242.891889999999
4244.891067000004
4246.876735000005
4248.869231000004
4250.854517
4252.889464
4254.885029000005
4256.873433000001
4258.8673530000015
4260.8635060000015
4262.844628999999
4264.842485000001
4266.8917530000035
4268.891488000001
4270.8770950000035
4272.852365999999
4274.851622000002
4276.851882000003
4278.85151
4280.888079000004
4282.884658000003
4284.865570000002
4286.863361000003
4288.8547460000045
4290.851611999999
4292.886471000005
4294.883777000003
4296.853016000001
4298.852227000003
4300.852031000002
4302.851285000004
4304.886317000004
4306.883385000001
4308.8735430000015
4310.864808999999
4312.863268000001
4314.842352
4316.892154000001
4318.891628000005
4320.8772700000045
4322.870013
4324.846773000005
4326.844090999999
4328.842650999999
4330.883892000005
4332.886356000003
4334.877428
4336.874608999999
4338.8521089999995
4340.852025
4342.851873
4344.886704000004
4346.884987000005
4348.8747340000045
4350.848781000001
4352.846096000001
4354.877595999998
4356.851011999999
4358.850007000001
4360.886402000004
4362.8844640000025
4364.875542000002
4366.849511
4368.846040000004
4370.870554000001
4372.851638
4374.853906000004
4376.888548000003
4378.885806999999
4380.875122000005
4382.873891000003
4384.858401000005
4386.890834999998
4388.877549000004
4390.851710000003
4392.852758000001
4394.8842520000035
4396.869007000001
4398.8464349999995
4400.844656000001
4402.844667000005
4404.845075000005
4406.845235000001
4408.890659000004
4410.843485000005
4412.844391999999
4414.845067000002
4416.885330000005
4418.885496000003
4420.861027999999
4422.863407000004
4424.861368000005
4426.863624999998
4428.845078999999
4430.845617999999
4432.845830999999
4434.885979999999
4436.885881000002
4438.878384000003
4440.853818000003
4442.854504000003
4444.854861
4446.846502
4448.889735000004
4450.887575000001
4452.870129000003
4454.868065000002
4456.867074000002
4458.866318
4460.846501
4462.846128000005
4464.885393000004
4466.885557000001
4468.878236000004
4470.872382000001
4472.869566000001
4474.847891000005
4476.848991999999
4478.847256000001
4480.886523000001
4482.886564
4484.877076000004
4486.852647
4488.853841000004
4490.889975999999
4492.878987000004
4494.872804999999
4496.874629999998
4498.870738999998
4500.8492689999985
4502.847986000001
4504.886971
4506.886505000002
4508.877176000002
4510.872181999999
4512.853139999999
4514.854751999999
4516.8911970000045
4518.880704000003
4520.878648999998
4522.877462000004
4524.872650000005
4526.850194999999
4528.853267999999
4530.887070000004
4532.8779890000005
4534.872909000005
4536.851776000003
4538.854024
4540.855642000002
4542.891893
4544.879971000002
4546.853493000002
4548.855141
4550.856421000004
4552.857361000002
4554.847594999999
4556.882099000002
4558.877437000003
4560.854291000003
4562.857642000003
4564.886395000001
4566.8777340000015
4568.853732000003
4570.855706000002
4572.886903999999
4574.871628000001
4576.875093000002
4578.853283000004
4580.855632999999
4582.857621000003
4584.8921279999995
4586.880716
4588.879744000005
4590.851205999999
4592.854269000003
4594.842678000001
4596.846247000001
4598.847643000001
4600.892003000001
4602.845505000005
4604.847705
4606.848652000001
4608.880430000005
4610.8604510000005
4612.865128000005
4614.867422000003
4616.849123
4618.849117999998
4620.880749000004
4622.880235000004
4624.874950000005
4626.877581000001
4628.873997000002
4630.852920000005
4632.857465000001
4634.858273999998
4636.844136
4638.847219000003
4640.848551000003
4642.880804
4644.880633000001
4646.860306000002
4648.867642000005
4650.849077999999
4652.849584000003
4654.849630000004
4656.890244000002
4658.880906999999
4660.880516000005
4662.860517000001
4664.8658360000045
4666.868439000005
4668.849991000003
4670.856506000004
4672.843519000002
4674.847129000002
4676.879762000004
4678.88063
4680.860757000002
4682.86578
4684.868586000004
4686.863992999999
4688.8738349999985
4690.879527000005
4692.864415000004
4694.869227000003
4696.872000000003
4698.8605769999995
4700.871727000005
4702.855085000003
4704.860393000003
4706.853213000002
4708.863923000004
4710.858628000002
4712.863559000005
4714.869681000004
4716.853197000004
4718.859483
4720.857753000004
4722.858576999999
4724.8601160000035
4726.866188
4728.869239
4730.870219000004
4732.871531000004
4734.852232000005
4736.857584000005
4738.859777000005
4740.846120000002
4742.849136000004
4744.850212000005
4746.891360000001
4748.882723000002
4750.888156000001
4752.869156000001
4754.870630000005
4756.872908000005
4758.873440000003
4760.854031000003
4762.858703000005
4764.845678999998
4766.849756000003
4768.891001000004
4770.8827690000035
4772.887903000003
4774.881298
4776.881840000002
4778.877579
4780.875908000002
4782.8750660000005
4784.879096000004
4786.860736000002
4788.867451999999
4790.870416999998
4792.852867000001
4794.858279
4796.860747999999
4798.847507999999
4800.850376000002
4802.892109
4804.873908000001
4806.874405000002
4808.874189000002
4810.874672999998
4812.855496000004
4814.859769000002
4816.847326000003
4818.850553000004
4820.857250000001
4822.860832999999
4824.848487000003
4826.851198000004
4828.842834000003
4830.848518999999
4832.891372999999
4834.887866000005
4836.8818850000025
4838.8879830000005
4840.882061000004
4842.888125000005
4844.8855660000045
4846.880487000002
4848.872160999999
4850.873719000003
4852.874205
4854.855405000002
4856.859842999998
4858.842163000001
4860.848148000005
4862.891516000003
4864.883668000002
4866.888908000001
4868.882484000002
4870.888899999998
4872.872367000004
4874.873947
4876.859388000004
4878.862009000004
4880.848291000002
4882.851772000002
4884.843095000004
4886.849001000002
4888.842236000004
4890.848158000001
4892.851483999999
4894.857999
4896.847192000001
4898.850914000002
4900.844184000001
4902.849567000005
4904.8519830000005
4906.843696000004
4908.849768
4910.852352000002
4912.858643
4914.861514000004
4916.848490000004
4918.851846999998
4920.843700000005
4922.849906000003
4924.857910999999
4926.846381000003
4928.850894000003
4930.884492000005
4932.868483999999
4934.875045000001
4936.880382000003
4938.878494000004
4940.877934000004
4942.859242999999
4944.862491
4946.868856000001
4948.851891999999
4950.866253
4952.854889000002
4954.860763000004
4956.868508
4958.852798
4960.859691000005
4962.886750999998
4964.870774000003
4966.874545999999
4968.8566409999985
4970.861407000004
4972.845665000001
4974.851294
4976.885340000001
4978.882899000004
4980.889950000004
4982.884064000005
4984.890380000004
4986.884407000005
4988.890766000004
4990.884592000002
4992.8918300000005
4994.889727000002
4996.843452000001
4998.850312000002
5000.843734000002
5002.850676000002
5004.859182
5006.848914000002
5008.853279000003
5010.846039000004
5012.851740999999
5014.859794000004
5016.849287000005
5018.853372999998
5020.845685
5022.851632000005
5024.844682000003
5026.851258000002
5028.889815000002
5030.888943999998
5032.879530999999
5034.884048
5036.881345000002
5038.884333000002
5040.883188
5042.881305000003
5044.889825999999
5046.884720000002
5048.891605000004
5050.890241000001
5052.849894999999
5054.859913
5056.869693000001
5058.868783999998
5060.853737000005
5062.861638000002
5064.864953000004
5066.871898000005
5068.879126
5070.858286000002
5072.863363000004
5074.870939
5076.855622000003
5078.862080999999
5080.8618050000005
5082.861252000002
5084.850285
5086.859670999998
5088.849288000005
5090.853910999998
5092.861504
5094.873022
5096.876880000003
5098.862879
5100.871170999999
5102.875748999999
5104.858872000004
5106.864021000001
5108.871884
5110.856523000002
5112.863210000003
5114.871361000005
5116.876055000001
5118.879013000005
5120.884191000005
5122.883043000002
5124.891722
5126.890852000004
5128.845020000001
5130.856854999998
5132.863332000001
5134.871622999999
5136.856498000001
5138.863187000003
5140.851745
5142.869274000004
5144.854713000001
5146.862427
5148.847521000003
5150.853546999999
5152.861884999998
5154.868702
5156.854865000001
5158.862672000003
5160.851889999998
5162.861484000001
5164.871197
5166.857165000001
5168.863644000005
5170.872664000002
5172.858817
5174.865423000003
5176.853619000001
5178.862459000004
5180.847854
5182.8546540000025
5184.891206
5186.886901999998
5188.843817000001
5190.852579999999
5192.887860000003
5194.888395000002
5196.845101999999
5198.8533370000005
5200.844396
5202.853988000003
5204.845174000002
5206.853356
5208.848839999999
5210.855507
5212.863526000001
5214.8729870000025
5216.862045000002
5218.872219000004
5220.882248000002
5222.870065000003
5224.876716999999
5226.880196999999
5228.859992000005
5230.8706600000005
5232.858365
5234.865272000003
5236.874249
5238.883499000003
5240.8690140000035
5242.880375000001
5244.860271000005
5246.871523000002
5248.8819310000035
5250.887469000001
5252.885886000004
5254.8446600000025
5256.8535980000015
5258.862968000001
5260.853436000005
5262.863169000004
5264.872911999999
5266.859327999999
5268.866461000005
5270.855765
5272.864336999999
5274.873899999999
5276.883477000003
5278.884446000004
5280.8436100000035
5282.853492000002
5284.849878000001
5286.861752000004
5288.872758000005
5290.859546
5292.867907
5294.875692000001
5296.861119000001
5298.872115999999
5300.882932
5302.870060000001
5304.877707
5306.862110000002
5308.8731220000045
5310.878567
5312.865671
5314.878220999999
5316.886584
5318.885856000001
5320.845069000003
5322.855450000003
5324.864967000001
5326.8749800000005
5328.880145000003
5330.883290999998
5332.844150000004
5334.857141
5336.846174999999
5338.855660000001
5340.865488000003
5342.875171
5344.861502
5346.873950000001
5348.861736999999
5350.873423000005
5352.860796000001
5354.873237
5356.879474000001
5358.8873930000045
5360.886351000001
5362.847573999999
5364.858932000003
5366.8671870000035
5368.852514999999
5370.849735000003
5372.861045000005
5374.873390000001
5376.869791000005
5378.877748999999
5380.865906999999
5382.8761190000005
5384.861984000003
5386.874511000002
5388.885412000003
5390.886844000001
5392.846661000003
5394.856803000002
5396.851669000003
5398.864072000004
5400.853659
5402.864877
5404.868754000003
5406.877970000001
5408.887005000004
5410.887185
5412.847826000005
5414.8574080000035
5416.851174000003
5418.864100999999
5420.8660080000045
5422.877302000001
5424.867947999999
5426.879709000001
5428.888868000002
5430.843258000001
5432.847610000004
5434.857919000002
5436.851702
5438.865631000001
5440.857157999999
5442.867868000001
5444.8780289999995
5446.883481000004
5448.845195000002
5450.858867000003
5452.854308000002
5454.8664260000005
5456.862570000005
5458.877308000003
5460.8831500000015
5462.846568000001
5464.857205
5466.868687000002
5468.878429000004
5470.86724
5472.878985000003
5474.888816999999
5476.8890450000035
5478.848775999999
5480.8588050000035
5482.868939
5484.878923000004
5486.889458999998
5488.848651
5490.859366000004
5492.869009000002
5494.858825000003
5496.8809120000005
5498.8859870000015
5500.847719000005
5502.860057000005
5504.874456999998
5506.887240000004
5508.888817999999
5510.848890000001
5512.859809000001
5514.870808
5516.880358000002
5518.889894
5520.8537300000025
5522.866463999999
5524.877806000004
5526.867989999999
5528.878636000001
5530.868161999999
5532.879350000003
5534.890125999998
5536.854524000002
5538.868177000004
5540.859813000003
5542.870028000005
5544.880415
5546.891816000003
5548.858205000004
5550.869393000001
5552.879968000001
5554.8904820000025
5556.8552070000005
5558.867315000003
5560.878885999999
5562.874240000005
5564.887723
5566.889959
5568.852470999998
5570.8666349999985
5572.859565999999
5574.869934000002
5576.880797999998
5578.890488000005
5580.855414000005
5582.868155000004
5584.879351000003
5586.890425999998
5588.852650000001
5590.868161999999
5592.856869000003
5594.868817000002
5596.860688000001
5598.876224
5600.885296
5602.848969999999
5604.860299
5606.875846000003
5608.866934000005
5610.880035000002
5612.890927
5614.857907999998
5616.8696039999995
5618.881111000002
5620.891262000005
5622.856725000005
5624.869713
5626.880969999998
5628.891754000004
5630.8563920000015
5632.869387999999
5634.880895000002
5636.892003000001
5638.856931000002
5640.869674000001
5642.881044000002
5644.846509000003
5646.858108
5648.870502000005
5650.882025999999
5652.846871000002
5654.8604909999995
5656.876139
5658.865878000004
5660.860029000003
5662.876490000002
5664.886347
5666.849797000003
5668.890928000001
5670.843936000005
5672.8585900000035
5674.871053000003
5676.882463000002
5678.848552000003
5680.860425999999
5682.876989000004
5684.885562000003
5686.849043000002
5688.846151999998
5690.8600760000045
5692.876357000001
5694.884903999999
5696.848887
5698.861718
5700.877738000003
5702.869978000002
5704.882038000003
5706.848184000002
5708.860664
5710.876865999999
5712.866527999999
5714.8804420000015
5716.847467
5718.860479000003
5720.877398000004
5722.869987999999
5724.882762000001
5726.848362000004
5728.861269000001
5730.877288000003
5732.874487000001
5734.866891999998
5736.8803530000005
5738.842519000005
5740.859488000002
5742.872256000002
5744.883733000002
5746.8510160000005
5748.867375000002
5750.860054000004
5752.877001000001
5754.887026000004
5756.850452999999
5758.853095999999
5760.868545000005
5762.881778000003
5764.847944000001
5766.861526000001
5768.878849000001
5770.868234000001
5772.881989000001
5774.848289000001
5776.861615000002
5778.878388000005
5780.871729999999
5782.888542000001
5784.842226000001
5786.848887
5788.862068000002
5790.878315000002
5792.8875560000015
5794.851513000001
5796.856281
5798.870763999999
5800.883848000005
5802.849521000004
5804.852374000002
5806.868668000003
5808.8820049999995
5810.848530000003
5812.862114000003
5814.880051
5816.848137000001
5818.863107000005
5820.8792570000005
5822.842390999998
5824.858868000003
5826.872249
5828.885211000001
5830.850581999999
5832.843968000001
5834.852165000004
5836.868918
5838.882591000001
5840.8490200000015
5842.852960000004
5844.869767000004
5846.882905999999
5848.849742999999
5850.863032000001
5852.879980999998
5854.842878000003
5856.849565000004
5858.862869000004
5860.8797630000045
5862.843099999998
5864.851877000001
5866.868930000004
5868.857361000002
5870.872031999999
5872.885283000003
5874.8509699999995
5876.853482999999
5878.870048000004
5880.883953000004
5882.850320999998
5884.8536380000005
5886.870831
5888.884181000001
5890.850697000002
5892.845877
5894.863014000002
5896.8805619999985
5898.848847000001
5900.863265
5902.881062
5904.844550000002
5906.860998000004
5908.879246000004
5910.843088000001
5912.860400999998
5914.879285000003
5916.843273999999
5918.886581999999
5920.845372000003
5922.847440000005
5924.862864000002
5926.8806509999995
5928.849148000001
5930.8532940000005
5932.870695999998
5934.8850109999985
5936.851508
5938.869839999999
5940.883849000005
5942.851061000001
5944.859882000004
5946.883741999998
5948.876881000004
5950.842859000004
5952.886988999999
5954.843409000001
5956.860819000001
5958.879219000002
5960.844152999998
5962.853517000003
5964.871139000003
5966.889975999999
5968.862326000002
5970.882736
5972.852777
5974.872334
5976.845241000003
5978.856460000003
5980.8745190000045
5982.850530000003
5984.891596000001
5986.847550999999
5988.872703000001
5990.8435949999985
5992.864899
5994.8802670000005
5996.851194000003
5998.859122000002
6000.877417000003
6002.846294000003
6004.865762000001
6006.885194000002
6008.8559650000025
6010.861016000003
6012.878911
6014.847171000001
6016.866688000002
6018.885869999998
6020.856230000005
6022.876603000004
6024.846772000004
6026.866141999999
6028.886489000004
6030.855733000004
6032.852005000001
6034.873890000003
6036.844988000004
6038.8604170000035
6040.883662
6042.855671000005
6044.876427000003
6046.847222000004
6048.857077000001
6050.876652999999
6052.8478810000015
6054.8606230000005
6056.882374000001
6058.854518
6060.86047
6062.883795000002
6064.855263000005
6066.861193000004
6068.883794000001
6070.8583419999995
6072.8536779999995
6074.875457000002
6076.846051
6078.859467000002
6080.878024999998
6082.847742999998
6084.867512000004
6086.887514000002
6088.860802000003
6090.890940000005
6092.862567000004
6094.883762000005
6096.854364999999
6098.860072000003
6100.882064000005
6102.854415000002
6104.859981000001
6106.881408000001
6108.85252
6110.874001000004
6112.872675999999
6114.844217000005
6116.865835000004
6118.886918000004
6120.856228000004
6122.877241000002
6124.8462720000025
6126.865952
6128.886474999999
6130.856517
6132.853522000005
6134.875065
6136.871505000003
6138.843826000004
6140.891528
6142.849632000005
6144.857999
6146.877521000002
6148.847295
6150.857033
6152.877013000005
6154.846774999998
6156.866408000002
6158.886946999999
6160.856722000004
6162.877035000005
6164.846602999998
6166.866416000004
6168.887094000005
6170.8566869999995
6172.877726999999
6174.846878000004
6176.8577890000015
6178.877454000001
6180.845935000005
6182.866526000005
6184.887238000003
6186.856970000001
6188.877324000001
6190.847356999999
6192.844529000002
6194.866129000002
6196.886925999999
6198.858693000002
6200.878419000001
6202.848224000001
6204.858264000002
6206.8782009999995
6208.847740000005
6210.867432999999
6212.887789
6214.857671999998
6216.863550000002
6218.886335000003
6220.857045000004
6222.863277000004
6224.886228000003
6226.856829000004
6228.863259999998
6230.8861220000035
6232.857106000003
6234.877840000001
6236.8479640000005
6238.8681670000005
6240.888441000003
6242.859089999998
6244.878884000005
6246.848587
6248.8693060000005
6250.891945000003
6252.866317
6254.890282
6256.864023000002
6258.8677890000035
6260.8891250000015
6262.859363000003
6264.864637999999
6266.887180999998
6268.858409
6270.865932000001
6272.8884030000045
6274.858897999999
6276.866117000005
6278.888179000001
6280.858575999999
6282.865908
6284.887840000003
6286.858675000003
6288.873987999999
6290.842396
6292.842120000001
6294.865941000004
6296.888247000003
6298.859091999999
6300.864849999998
6302.888016000004
6304.858902
6306.865378000002
6308.887954000005
6310.859074
6312.857220000005
6314.878815000004
6316.849208
6318.8701
6320.890818
6322.865380000003
6324.871657000003
6326.842155999999
6328.8563550000035
6330.878681000002
6332.849771000001
6334.8517800000045
6336.876607999999
6338.8487710000045
6340.870774000003
6342.842302000005
6344.851981
6346.876353
6348.849548999999
6350.855936
6352.879384
6354.849887000004
6356.876774000004
6358.848920000004
6360.872645000003
6362.846690999999
6364.869967999999
6366.891362000002
6368.864480000004
6370.888748000005
6372.860890000004
6374.867446000004
6376.8900950000025
6378.865770000004
6380.873004000001
6382.8474970000025
6384.869723000003
6386.89056
6388.866151000002
6390.889070000005
6392.860279
6394.867222000001
6396.889673999998
6398.860359999999
6400.867271000003
6402.890299999999
6404.866378999999
6406.8681670000005
6408.890551000004
6410.866485999999
6412.879678000005
6414.850854000004
6416.866762999998
6418.890174
6420.866209
6422.890078000004
6424.851263000004
6426.862042000001
6428.889292
6430.862033000005
6432.869654000002
6434.890657000004
6436.866498000003
6438.8796809999985
6440.85095
6442.877279
6444.84994
6446.861647000005
6448.887749000001
6450.860618999999
6452.868216000003
6454.891251000001
6456.868405000001
6458.887081000001
6460.861584999999
6462.879582000001
6464.852266000002
6466.880432999998
6468.852644999999
6470.869476
6472.842611
6474.869276000005
6476.842445000002
6478.859188000002
6480.882404000004
6482.859185000001
6484.882841999999
6486.849134000004
6488.872957
6490.849794000002
6492.855694000005
6494.881608000003
6496.859238000005
6498.868999999999
6500.842529000001
6502.869846000001
6504.843830999998
6506.871638000004
6508.844428000004
6510.870648000004
6512.844258000005
6514.860581000001
6516.888748000005
6518.862767999999
6520.890072000002
6522.868763999999
6524.873628000001
6526.850363000005
6528.874112000005
6530.878185000001
6532.853682000001
6534.8663060000035
6536.8429250000045
6538.870777000004
6540.845144999999
6542.871607000001
6544.849377999999
6546.8542300000045
6548.881167
6550.854965999999
6552.864815000001
6554.890028000002
6556.8672700000025
6558.879138000004
6560.853645000003
6562.882040000004
6564.859727000003
6566.883975000004
6568.861245
6570.870566000005
6572.844679000002
6574.866281000002
6576.8422560000035
6578.870469000001
6580.844618000003
6582.862394000003
6584.890411
6586.869341000005
6588.888691
6590.863563999999
6592.891023000004
6594.870280000003
6596.875009000003
6598.847357999999
6600.863235000004
6602.890930000001
6604.869814999998
6606.844782
6608.861948000005
6610.890588000002
6612.870769000001
6614.845245000004
6616.861859000004
6618.890357000004
6620.870348000004
6622.875751
6624.852544000001
6626.880830000002
6628.855365000003
6630.882507000002
6632.860873999998
6634.871168999998
6636.846108000005
6638.856586000002
6640.883277000001
6642.862150000001
6644.890764000003
6646.869799
6648.874935
6650.852530000004
6652.881061
6654.855486
6656.881090000003
6658.856237
6660.868904000003
6662.844632
6664.848451000005
6666.874020000003
6668.852298999998
6670.881433000002
6672.861769000003
6674.872438999999
6676.84691
6678.8737150000015
6680.879605000002
6682.855507
6684.872781999999
6686.851626000003
6688.866613999999
6690.843835
6692.872640000001
6694.852809000004
6696.882619000004
6698.861476999999
6700.873592000004
6702.852491000005
6704.857596000002
6706.884339000004
6708.863433999999
6710.867557999998
6712.844271000002
6714.872635
6716.847922000001
6718.874490000002
6720.851628000004
6722.867259999999
6724.844195999998
6726.862681999999
6728.845233
6730.863388000005
6732.843803000003
6734.851624000003
6736.885748000001
6738.862506000005
6740.871913000003
6742.850830000003
6744.868947000003
6746.843976000004
6748.870919000001
6750.8458050000045
6752.8567729999995
6754.883458000004
6756.861285999999
6758.890417000002
6760.870209000001
6762.845742000005
6764.859025999998
6766.884257000005
6768.862096000004
6770.8720539999995
6772.846498999999
6774.873201000002
6776.850940000004
6778.850651000001
6780.880458
6782.860435000002
6784.871138000002
6786.846559999998
6788.873269000003
6790.851927000003
6792.858060999999
6794.884389999999
6796.8606199999995
6798.881082
6800.860768999999
6802.891274000001
6804.870836000002
6806.846216999998
6808.863527000001
6810.842391999999
6812.872676999999
6814.847099999999
6816.864249999999
6818.846233000004
6820.863691999999
6822.842886999999
6824.872246999999
6826.852784000002
6828.882010000001
6830.861589
6832.891888999999
6834.871465000004
6836.877365
6838.854214999999
6840.882925999998
6842.862209999999
6844.872705000002
6846.848081000004
6848.874880000003
6850.853282000004
6852.863850000002
6854.843005000002
6856.872385000002
6858.847814000001
6860.874818000004
6862.889314
6864.865720000002
6866.843811999999
6868.8522349999985
6870.882185000002
6872.862332000004
6874.867366999999
6876.8451239999995
6878.873639000005
6880.852847000002
6882.868608000004
6884.845797000002
6886.8643070000035
6888.844503
6890.873269000003
6892.853153000004
6894.874395999999
6896.879879
6898.856672000002
6900.871204000003
6902.847986000001
6904.866132000003
6906.844861999998
6908.855394999999
6910.884874000003
6912.864700999999
6914.844811000003
6916.865245000001
6918.8451669999995
6920.854309000002
6922.884044999999
6924.863558000005
6926.843393000003
6928.849259000002
6930.876465000001
6932.854845000002
6934.869679000003
6936.846626999999
6938.875223000003
6940.881138000004
6942.862376000005
6944.870034
6946.847544000004
6948.866256000001
6950.845109000002
6952.865299000005
6954.844687000004
6956.874154000005
6958.849531
6960.867450999998
6962.845540000002
6964.874902000003
6966.881485999998
6968.863115
6970.843507000005
6972.850756
6974.882485000002
6976.863639000003
6978.843759000003
6980.874114999999
6982.850113
6984.882007
6986.863169000004
6988.844029
6990.874283000005
6992.882571000002
6994.864304000002
6996.877859
6998.858516
7000.872449000002
7002.856800000001
7004.886723000003
7006.869618000004
7008.849033999999
7010.8781549999985
7012.8584249999985
7014.890615000004
7016.8731990000015
7018.883518000002
7020.865416000001
7022.8473250000025
7024.867989999999
7026.848677000002
7028.868847999998
7030.849127000001
7032.854136000002
7034.887122
7036.867469000004
7038.878944000004
7040.858532999999
7042.890149999999
7044.874007999999
7046.856737000002
7048.8879769999985
7050.868272
7052.879161000004
7054.85888
7056.8731990000015
7058.855901000003
7060.8879400000005
7062.868350000004
7064.880893000001
7066.864248000005
7068.886916000003
7070.867713
7072.848306
7074.869069
7076.849010999998
7078.879151000001
7080.858739000003
7082.8797669999985
7084.859182
7086.889064000003
7088.869449000005
7090.880519999999
7092.860602000001
7094.871118000003
7096.851463999999
7098.884809000003
7100.868403
7102.880383000003
7104.865114
7106.872418999999
7108.856715000002
7110.888496
7112.869678000003
7114.884879000005
7116.867384000005
7118.844303999998
7120.877148
7122.859198999999
7124.884545000001
7126.867209000004
7128.880216999998
7130.8599079999985
7132.875963999999
7134.858118000004
7136.889544999998
7138.869579999999
7140.849871999999
7142.870727000001
7144.851890999998
7146.886701000003
7148.868904000003
7150.8812069999985
7152.861526000001
7154.877909000003
7156.859378000001
7158.877030000003
7160.858819000001
7162.8901350000015
7164.875131000001
7166.851597000001
7168.872416999999
7170.852515999999
7172.865169000004
7174.848444000003
7176.870859000002
7178.85628
7180.874926000004
7182.857485
7184.875380000005
7186.859044000004
7188.890352000002
7190.876594000001
7192.859475000005
7194.876715999999
7196.859860000004
7198.8448260000005
7200.8689220000015
7202.851647000003
